0 6 3 2 4 13 4 8 5 5 15 7 9 15 8 0 4 5 8 7 4 6 1 11 
6 0 11 14 12 12 0 10 6 8 3 11 10 7 0 9 0 8 6 9 7 11 9 2 
3 11 0 14 0 4 12 10 0 3 10 3 11 15 10 15 1 11 11 3 5 15 14 7 
2 14 14 0 15 3 0 9 0 15 7 5 12 1 10 4 3 14 6 3 0 12 14 6 
4 12 0 15 0 6 15 3 12 7 3 5 3 8 10 8 15 1 5 10 8 9 8 4 
13 12 4 3 6 0 2 2 10 0 2 0 10 10 13 15 8 10 2 6 3 0 11 7 
4 0 12 0 15 2 0 15 0 15 9 10 1 12 7 14 1 4 10 9 11 5 4 11 
8 10 10 9 3 2 15 0 11 14 15 0 1 15 6 0 5 0 1 3 10 4 7 8 
5 6 0 0 12 10 0 11 0 5 15 15 7 0 5 8 6 10 5 10 9 2 7 12 
5 8 3 15 7 0 15 14 5 0 14 4 2 8 8 2 1 11 10 7 6 1 6 8 
15 3 10 7 3 2 9 15 15 14 0 0 1 6 12 9 4 11 14 3 12 4 0 4 
7 11 3 5 5 0 10 0 15 4 0 0 3 2 1 15 1 9 2 5 3 9 6 12 
9 10 11 12 3 10 1 1 7 2 1 3 0 8 14 9 15 13 5 3 6 11 1 12 
15 7 15 1 8 10 12 15 0 8 6 2 8 0 7 15 12 2 13 11 1 8 8 12 
8 0 10 10 10 13 7 6 5 8 12 1 14 7 0 10 2 5 12 5 14 0 8 13 
0 9 15 4 8 15 14 0 8 2 9 15 9 15 10 0 5 7 4 6 3 0 13 8 
4 0 1 3 15 8 1 5 6 1 4 1 15 12 2 5 0 2 14 15 0 14 0 9 
5 8 11 14 1 10 4 0 10 11 11 9 13 2 5 7 2 0 4 5 11 14 5 13 
8 6 11 6 5 2 10 1 5 10 14 2 5 13 12 4 14 4 0 9 13 10 10 1 
7 9 3 3 10 6 9 3 10 7 3 5 3 11 5 6 15 5 9 0 3 10 0 9 
4 7 5 0 8 3 11 10 9 6 12 3 6 1 14 3 0 11 13 3 0 15 10 6 
6 11 15 12 9 0 5 4 2 1 4 9 11 8 0 0 14 14 10 10 15 0 10 6 
1 9 14 14 8 11 4 7 7 6 0 6 1 8 8 13 0 5 10 0 10 10 0 8 
11 2 7 6 4 7 11 8 12 8 4 12 12 12 13 8 9 13 1 9 6 6 8 0 
0 5 12 14 16 3 5 1 14 18 2 5 18 11 10 4 13 14 1 3 7 17 1 20 
5 0 17 16 15 13 14 7 10 1 15 2 12 10 19 8 6 3 15 19 17 10 1 19 
12 17 0 17 16 7 5 4 20 2 2 6 9 4 1 4 20 11 17 18 10 7 14 10 
14 16 17 0 2 13 13 14 5 9 14 8 17 13 17 16 15 11 13 2 9 2 9 14 
16 15 16 2 0 8 11 11 20 18 9 6 19 18 10 2 13 14 20 15 7 5 4 18 
3 13 7 13 8 0 19 14 4 2 3 14 11 3 20 2 17 8 15 7 7 11 7 13 
5 14 5 13 11 19 0 18 1 7 5 7 17 13 10 14 5 7 2 19 3 12 2 8 
1 7 4 14 11 14 18 0 14 15 19 1 18 4 19 12 3 3 4 16 12 9 14 12 
14 10 20 5 20 4 1 14 0 11 16 11 16 8 18 14 8 16 13 12 12 11 1 19 
18 1 2 9 18 2 7 15 11 0 6 4 11 4 2 7 5 16 11 7 18 9 14 3 
2 15 2 14 9 3 5 19 16 6 0 7 10 8 15 9 20 11 3 5 14 5 19 14 
5 2 6 8 6 14 7 1 11 4 7 0 3 13 11 14 19 14 1 7 3 1 13 3 
18 12 9 17 19 11 17 18 16 11 10 3 0 5 5 20 14 8 9 20 8 19 18 14 
11 10 4 13 18 3 13 4 8 4 8 13 5 0 19 8 13 17 5 19 11 7 16 15 
10 19 1 17 10 20 10 19 18 2 15 11 5 19 0 19 14 17 4 8 4 16 2 20 
4 8 4 16 2 2 14 12 14 7 9 14 20 8 19 0 2 15 19 20 13 9 3 8 
13 6 20 15 13 17 5 3 8 5 20 19 14 13 14 2 0 10 4 7 13 16 16 7 
14 3 11 11 14 8 7 3 16 16 11 14 8 17 17 15 10 0 14 7 14 19 8 15 
1 15 17 13 20 15 2 4 13 11 3 1 9 5 4 19 4 14 0 9 5 14 13 8 
3 19 18 2 15 7 19 16 12 7 5 7 20 19 8 20 7 7 9 0 4 7 14 17 
7 17 10 9 7 7 3 12 12 18 14 3 8 11 4 13 13 14 5 4 0 16 5 2 
17 10 7 2 5 11 12 9 11 9 5 1 19 7 16 9 16 19 14 7 16 0 8 12 
1 1 14 9 4 7 2 14 1 14 19 13 18 16 2 3 16 8 13 14 5 8 0 2 
20 19 10 14 18 13 8 12 19 3 14 3 14 15 20 8 7 15 8 17 2 12 2 0 
4 17 16 9 21 8 18 23 18 17 16 11 20 19 10 12 6 16 9 21 8 18 23 18 17 16 11 20 1 10 12 6 16 9 10 12 6 16 11 20 14 16 9 15 0.851393 |