0 11 5 6 5 4 0 7 1 2 3 0 6 0 0 4 13 6 0 3 4 10 13 0 
11 0 0 8 4 4 7 5 9 4 14 0 11 1 14 11 9 15 12 9 5 8 9 8 
5 0 0 8 1 7 0 6 14 13 12 4 2 13 9 7 9 4 13 14 9 2 11 3 
6 8 8 0 5 11 3 14 5 13 15 11 3 3 11 13 7 9 4 2 5 0 5 9 
5 4 1 5 0 5 4 13 2 4 13 5 5 9 3 1 5 11 5 6 6 1 12 11 
4 4 7 11 5 0 13 9 11 2 7 13 10 8 13 2 4 11 6 3 13 12 13 15 
0 7 0 3 4 13 0 8 5 5 14 7 13 10 9 4 9 10 11 0 5 4 2 11 
7 5 6 14 13 9 8 0 4 15 10 3 4 14 13 0 6 2 3 15 13 1 0 13 
1 9 14 5 2 11 5 4 0 4 6 15 8 4 9 9 0 6 1 11 3 7 6 6 
2 4 13 13 4 2 5 15 4 0 9 10 12 8 13 2 13 12 13 15 6 13 4 8 
3 14 12 15 13 7 14 10 6 9 0 5 1 6 11 1 4 12 1 10 2 1 5 3 
0 0 4 11 5 13 7 3 15 10 5 0 9 11 6 13 13 14 11 6 14 13 7 2 
6 11 2 3 5 10 13 4 8 12 1 9 0 8 3 14 8 10 2 6 1 9 10 1 
0 1 13 3 9 8 10 14 4 8 6 11 8 0 12 5 11 10 6 11 14 14 8 13 
0 14 9 11 3 13 9 13 9 13 11 6 3 12 0 1 13 1 0 2 0 5 4 14 
4 11 7 13 1 2 4 0 9 2 1 13 14 5 1 0 14 6 9 10 10 3 0 2 
13 9 9 7 5 4 9 6 0 13 4 13 8 11 13 14 0 15 14 15 0 15 2 10 
6 15 4 9 11 11 10 2 6 12 12 14 10 10 1 6 15 0 15 7 4 14 0 7 
0 12 13 4 5 6 11 3 1 13 1 11 2 6 0 9 14 15 0 9 15 13 2 9 
3 9 14 2 6 3 0 15 11 15 10 6 6 11 2 10 15 7 9 0 5 12 1 2 
4 5 9 5 6 13 5 13 3 6 2 14 1 14 0 10 0 4 15 5 0 2 7 12 
10 8 2 0 1 12 4 1 7 13 1 13 9 14 5 3 15 14 13 12 2 0 0 7 
13 9 11 5 12 13 2 0 6 4 5 7 10 8 4 0 2 0 2 1 7 0 0 10 
0 8 3 9 11 15 11 13 6 8 3 2 1 13 14 2 10 7 9 2 12 7 10 0 
0 8 17 9 1 15 4 2 2 17 9 12 4 14 5 19 16 20 10 20 16 10 18 2 
8 0 3 2 5 17 4 5 2 12 19 4 10 15 16 5 5 3 14 6 9 5 15 5 
17 3 0 20 12 12 1 13 3 3 4 10 10 11 14 17 15 16 13 16 16 20 5 14 
9 2 20 0 4 6 9 18 7 12 6 6 10 14 4 16 18 13 20 16 11 4 17 3 
1 5 12 4 0 12 14 5 6 5 4 1 13 18 18 3 13 6 17 20 20 2 6 18 
15 17 12 6 12 0 9 11 13 20 12 1 14 20 14 2 4 12 4 6 16 16 8 8 
4 4 1 9 14 9 0 4 2 5 4 5 15 16 7 6 17 14 12 10 10 4 16 20 
2 5 13 18 5 11 4 0 8 13 1 8 17 7 2 20 6 1 2 1 14 15 2 20 
2 2 3 7 6 13 2 8 0 16 14 20 1 20 2 13 1 9 13 1 1 9 5 6 
17 12 3 12 5 20 5 13 16 0 2 13 13 10 3 9 4 9 11 2 15 18 8 12 
9 19 4 6 4 12 4 1 14 2 0 16 12 15 14 18 16 1 11 15 10 17 16 16 
12 4 10 6 1 1 5 8 20 13 16 0 9 7 20 12 7 8 19 15 16 7 6 20 
4 10 10 10 13 14 15 17 1 13 12 9 0 17 16 5 17 9 11 5 6 19 14 5 
14 15 11 14 18 20 16 7 20 10 15 7 17 0 20 14 15 8 20 8 8 13 11 17 
5 16 14 4 18 14 7 2 2 3 14 20 16 20 0 16 10 7 12 11 1 7 3 4 
19 5 17 16 3 2 6 20 13 9 18 12 5 14 16 0 20 3 4 10 14 7 14 8 
16 5 15 18 13 4 17 6 1 4 16 7 17 15 10 20 0 3 5 9 14 16 1 5 
20 3 16 13 6 12 14 1 9 9 1 8 9 8 7 3 3 0 9 2 8 5 20 9 
10 14 13 20 17 4 12 2 13 11 11 19 11 20 12 4 5 9 0 2 19 4 12 4 
20 6 16 16 20 6 10 1 1 2 15 15 5 8 11 10 9 2 2 0 6 9 11 6 
16 9 16 11 20 16 10 14 1 15 10 16 6 8 1 14 14 8 19 6 0 20 10 12 
10 5 20 4 2 16 4 15 9 18 17 7 19 13 7 7 16 5 4 9 20 0 2 9 
18 15 5 17 6 8 16 2 5 8 16 6 14 11 3 14 1 20 12 11 10 2 0 18 
2 5 14 3 18 8 20 20 6 12 16 20 5 17 4 8 5 9 4 6 12 9 18 0 
